38   93   64   27   14   50   34   20   82   56   
36   88   10   34   61   10   30   61   99   60   
10   59   58   11   96   36   18   38   68   94   
54   27   50   60   44   49   53   93   17   86   
77   11   90   10   77   27   18   79   20   43   
79   74   71   99   46   70   88   79   98   35   
65   79   92   40   89   75   47   48   39   79   
28   94   87   33   65   78   66   65   82   60   
10   96   78   10   94   60   37   67   66   71   
11   78   21   78   96   88   73   16   95   34   
