60   77   69   97   85   68   79   89   30   55   
74   31   53   27   87   15   11   64   57   88   
99   72   34   37   21   51   59   31   21   21   
80   65   74   95   61   48   20   98   41   17   
91   25   68   36   33   70   48   72   79   16   
73   51   20   15   12   92   26   63   19   51   
44   80   76   12   17   37   96   10   81   23   
63   12   15   90   71   71   52   94   24   76   
43   88   88   99   90   46   24   37   26   64   
17   39   76   50   34   85   28   49   89   41   
